0.000000000000000000
-0.000000648986088530
-0.000002971962900395
-0.000007143149203038
-0.000012742558298955
-0.000018726100564092
-0.000023480085427453
-0.000024964110101447
-0.000020938385575265
-0.000009262765045979
0.000011754361057061
0.000042987831574394
0.000084146062266013
0.000133482985638253
0.000187616374406526
0.000241494911374052
0.000288549085952306
0.000321048609682663
0.000330671811577533
0.000309271253082761
0.000249796060218491
0.000147307239885072
0.000000000000000000
-0.000189870460189451
-0.000415273393174583
-0.000664011301507321
-0.000918756143348408
-0.001157592620641987
-0.001355112869325316
-0.001484061143928875
-0.001517473896960279
-0.001431204082076697
-0.001206663566920609
-0.000833569771853437
-0.000312447651174339
0.000343378997028860
0.001106568126678462
0.001935544025303975
0.002775463962576032
0.003560467933515354
0.004217216541980226
0.004669613477157614
0.004844495976991675
0.004677968547383613
0.004121961927936957
0.003150530438010128
0.001765364742339157
-0.000000000000000002
-0.002077755253553393
-0.004365556195143110
-0.006728684481440626
-0.009004737444393987
-0.011010763842920341
-0.012552576873658156
-0.013435791393781735
-0.013477969214887087
-0.012521128134917285
-0.010443789361150478
-0.007171713316926310
-0.002686510672035866
0.002968585697351902
0.009686345615866291
0.017296916189098847
0.025573058716246686
0.034239101906783850
0.042983206806977384
0.051472299676998901
0.059368827661472882
0.066348344429022835
0.072116851251763467
0.076426810704057241
0.079090817271109837
0.079992047957495441
0.079090817271109837
0.076426810704057241
0.072116851251763467
0.066348344429022835
0.059368827661472889
0.051472299676998914
0.042983206806977391
0.034239101906783850
0.025573058716246686
0.017296916189098850
0.009686345615866289
0.002968585697351902
-0.002686510672035866
-0.007171713316926311
-0.010443789361150483
-0.012521128134917289
-0.013477969214887088
-0.013435791393781741
-0.012552576873658156
-0.011010763842920344
-0.009004737444393987
-0.006728684481440624
-0.004365556195143113
-0.002077755253553394
-0.000000000000000002
0.001765364742339158
0.003150530438010128
0.004121961927936957
0.004677968547383613
0.004844495976991674
0.004669613477157621
0.004217216541980226
0.003560467933515355
0.002775463962576033
0.001935544025303976
0.001106568126678463
0.000343378997028860
-0.000312447651174339
-0.000833569771853438
-0.001206663566920609
-0.001431204082076698
-0.001517473896960281
-0.001484061143928874
-0.001355112869325316
-0.001157592620641987
-0.000918756143348409
-0.000664011301507322
-0.000415273393174584
-0.000189870460189451
0.000000000000000000
0.000147307239885072
0.000249796060218491
0.000309271253082761
0.000330671811577533
0.000321048609682663
0.000288549085952307
0.000241494911374053
0.000187616374406526
0.000133482985638253
0.000084146062266013
0.000042987831574394
0.000011754361057061
-0.000009262765045979
-0.000020938385575265
-0.000024964110101447
-0.000023480085427453
-0.000018726100564092
-0.000012742558298955
-0.000007143149203038
-0.000002971962900395
-0.000000648986088530
0.000000000000000000